0101010111011011010101
1110101
110110111101
11111101110111111011111111111110111111111
0101010111011011010101
0110101
010110101101
111111011101111110111111111111101111111111111110111011111101111111111111011111111111111101110111111011111111111110111111111
1101100111101111010000010100011111001001000011001111
111111011011110011100111101100000011001101000
010010110001010011010010110111101000001111000001
0000100000111010100111111001101100010101111
0011111110100110111101100110000000000100110
11000000001011101011011101100111101111111000001111100110000
01001100000001111011010101000010010101
0001000101100110011101111000111010111100010001
00110000101110011011101010011000000000
10001111010011001100111100011011100110001100101000000110
110000010100010001001110000111111110100
110111010111001001110100010010000
1110010001100101101111000110011100111
0111001100111001110101010001100111001011001101101010011
01001110111001001101111001011000010110001100110101100110101001010010110
11010100001001001011100010011001110111100010
0011010000000011101111110111010000001011110110000000000000
110011110100000000111100011000001101101011000100010110111101100011
00101011011111001010001001011111111110001010111010100111110010
